Minimum Error At:
AX12 Constant 152
dsPIC Constant 184


Other possible values with error less than 1%
----------------+-----------------+-----------
       AX12     |       dsPIC     |
  Speed   Value |   Speed  Value  |  Error (%)
----------------+-----------------+-----------
   400000    4  |   403046    5   |    0.76
   200000    9  |   201523   11   |    0.76
   142857   13  |   142251   16   |    0.43
   133333   14  |   134348   17   |    0.76
   105263   18  |   105142   22   |    0.11
   100000   19  |   100761   23   |    0.76
    86956   22  |    86367   27   |    0.68
    83333   23  |    83389   28   |    0.07
    80000   24  |    80609   29   |    0.76
    71428   27  |    71125   33   |    0.43
    68965   28  |    69093   34   |    0.19
    66666   29  |    67174   35   |    0.76
    62500   31  |    62007   38   |    0.79
    60606   32  |    60457   39   |    0.25
    58823   33  |    58982   40   |    0.27
    57142   34  |    57578   41   |    0.76
    54054   36  |    53739   44   |    0.59
    52631   37  |    52571   45   |    0.11
    51282   38  |    51452   46   |    0.33
    50000   39  |    50380   47   |    0.76
    48780   40  |    48365   49   |    0.86
    47619   41  |    47417   50   |    0.43
    46511   42  |    46505   51   |    0.01
    45454   43  |    45627   52   |    0.38
    44444   44  |    44782   53   |    0.76
    43478   45  |    43183   55   |    0.68
    42553   46  |    42425   56   |    0.30
    41666   47  |    41694   57   |    0.07
    40816   48  |    40987   58   |    0.42
    40000   49  |    40304   59   |    0.76
    40000   49  |    39643   60   |    0.90
    39215   50  |    39004   61   |    0.54
    38461   51  |    38385   62   |    0.20
    37735   52  |    37785   63   |    0.13
    37037   53  |    37204   64   |    0.45
    36363   54  |    36640   65   |    0.76
    36363   54  |    36093   66   |    0.75
    35714   55  |    35562   67   |    0.43
    35087   56  |    35047   68   |    0.11
    34482   57  |    34546   69   |    0.19
    33898   58  |    34060   70   |    0.48
    33898   58  |    33587   71   |    0.93
    33333   59  |    33587   71   |    0.76
    33333   59  |    33127   72   |    0.62
    32786   60  |    32679   73   |    0.33
    32258   61  |    32243   74   |    0.04
    31746   62  |    31819   75   |    0.23
    31250   63  |    31406   76   |    0.50
    31250   63  |    31003   77   |    0.79
    30769   64  |    31003   77   |    0.76
    30769   64  |    30611   78   |    0.52
    30303   65  |    30228   79   |    0.25
    29850   66  |    29855   80   |    0.02
    29411   67  |    29491   81   |    0.27
    29411   67  |    29135   82   |    0.95
    28985   68  |    29135   82   |    0.52
    28985   68  |    28789   83   |    0.68
    28571   69  |    28789   83   |    0.76
    28571   69  |    28450   84   |    0.43
    28169   70  |    28450   84   |    1.00
    28169   70  |    28119   85   |    0.18
    27777   71  |    27796   86   |    0.07
    27397   72  |    27480   87   |    0.30
    27397   72  |    27171   88   |    0.83
    27027   73  |    27171   88   |    0.54
    27027   73  |    26869   89   |    0.59
    26666   74  |    26869   89   |    0.76
    26666   74  |    26574   90   |    0.35
    26315   75  |    26574   90   |    0.98
    26315   75  |    26285   91   |    0.11
    25974   76  |    26003   92   |    0.11
    25974   76  |    25726   93   |    0.96
    25641   77  |    25726   93   |    0.33
    25641   77  |    25455   94   |    0.73
    25316   78  |    25455   94   |    0.55
    25316   78  |    25190   95   |    0.50
    25000   79  |    25190   95   |    0.76
    25000   79  |    24930   96   |    0.28
    24691   80  |    24930   96   |    0.97
    24691   80  |    24676   97   |    0.06
    24390   81  |    24427   98   |    0.15
    24390   81  |    24182   99   |    0.86
    24096   82  |    24182   99   |    0.36
    24096   82  |    23943  100   |    0.64
    23809   83  |    23943  100   |    0.56
    23809   83  |    23708  101   |    0.43
    23529   84  |    23708  101   |    0.76
    23529   84  |    23478  102   |    0.22
    23255   85  |    23478  102   |    0.96
    23255   85  |    23252  103   |    0.01
    23255   85  |    23031  104   |    0.98
    22988   86  |    23031  104   |    0.19
    22988   86  |    22813  105   |    0.77
    22727   87  |    22813  105   |    0.38
    22727   87  |    22600  106   |    0.56
    22471   88  |    22600  106   |    0.57
    22471   88  |    22391  107   |    0.36
    22222   89  |    22391  107   |    0.76
    22222   89  |    22186  108   |    0.16
    21978   90  |    22186  108   |    0.95
    21978   90  |    21984  109   |    0.03
    21978   90  |    21786  110   |    0.88
    21739   91  |    21786  110   |    0.22
    21739   91  |    21591  111   |    0.68
    21505   92  |    21591  111   |    0.40
    21505   92  |    21400  112   |    0.49
    21276   93  |    21400  112   |    0.58
    21276   93  |    21212  113   |    0.30
    21052   94  |    21212  113   |    0.76
    21052   94  |    21028  114   |    0.11
    20833   95  |    21028  114   |    0.94
    21052   94  |    20847  115   |    0.99
    20833   95  |    20847  115   |    0.07
    20833   95  |    20669  116   |    0.79
    20618   96  |    20669  116   |    0.24
    20618   96  |    20493  117   |    0.61
    20408   97  |    20493  117   |    0.42
    20408   97  |    20321  118   |    0.43
    20202   98  |    20321  118   |    0.59
    20202   98  |    20152  119   |    0.25
    20000   99  |    20152  119   |    0.76
    20000   99  |    19985  120   |    0.07
    19801  100  |    19985  120   |    0.93
    20000   99  |    19821  121   |    0.90
    19801  100  |    19821  121   |    0.10
    19801  100  |    19660  122   |    0.72
    19607  101  |    19660  122   |    0.27
    19607  101  |    19502  123   |    0.54
    19417  102  |    19502  123   |    0.44
    19417  102  |    19346  124   |    0.37
    19230  103  |    19346  124   |    0.60
    19230  103  |    19192  125   |    0.20
    19047  104  |    19192  125   |    0.76
    19230  103  |    19041  126   |    0.99
    19047  104  |    19041  126   |    0.03
    18867  105  |    19041  126   |    0.92
    19047  104  |    18892  127   |    0.82
    18867  105  |    18892  127   |    0.13
    18867  105  |    18746  128   |    0.65
    18691  106  |    18746  128   |    0.29
    18691  106  |    18602  129   |    0.48
    18518  107  |    18602  129   |    0.45
    18518  107  |    18460  130   |    0.32
    18348  108  |    18460  130   |    0.61
    18348  108  |    18320  131   |    0.15
    18181  109  |    18320  131   |    0.76
    18348  108  |    18182  132   |    0.91
    18181  109  |    18182  132   |    0.00
    18018  110  |    18182  132   |    0.91
    18181  109  |    18046  133   |    0.75
    18018  110  |    18046  133   |    0.16
    18018  110  |    17913  134   |    0.59
    17857  111  |    17913  134   |    0.31
    17857  111  |    17781  135   |    0.43
    17699  112  |    17781  135   |    0.47
    17699  112  |    17651  136   |    0.27
    17543  113  |    17651  136   |    0.61
    17543  113  |    17523  137   |    0.11
    17391  114  |    17523  137   |    0.76
    17543  113  |    17397  138   |    0.84
    17391  114  |    17397  138   |    0.04
    17241  115  |    17397  138   |    0.91
    17391  114  |    17273  139   |    0.68
    17241  115  |    17273  139   |    0.19
    17241  115  |    17150  140   |    0.53
    17094  116  |    17150  140   |    0.33
    17094  116  |    17030  141   |    0.38
    16949  117  |    17030  141   |    0.48
    16949  117  |    16911  142   |    0.23
    16806  118  |    16911  142   |    0.62
    16949  117  |    16793  143   |    0.93
    16806  118  |    16793  143   |    0.08
    16666  119  |    16793  143   |    0.76
    16806  118  |    16677  144   |    0.77
    16666  119  |    16677  144   |    0.07
    16528  120  |    16677  144   |    0.90
    16666  119  |    16563  145   |    0.62
    16528  120  |    16563  145   |    0.21
    16528  120  |    16450  146   |    0.47
    16393  121  |    16450  146   |    0.35
    16393  121  |    16339  147   |    0.33
    16260  122  |    16339  147   |    0.49
    16260  122  |    16230  148   |    0.19
    16129  123  |    16230  148   |    0.63
    16260  122  |    16121  149   |    0.86
    16129  123  |    16121  149   |    0.04
    16000  124  |    16121  149   |    0.76
    16129  123  |    16015  150   |    0.71
    16000  124  |    16015  150   |    0.09
    15873  125  |    16015  150   |    0.90
    16000  124  |    15909  151   |    0.57
    15873  125  |    15909  151   |    0.23
    15873  125  |    15805  152   |    0.43
    15748  126  |    15805  152   |    0.37
    15748  126  |    15703  153   |    0.29
    15625  127  |    15703  153   |    0.50
    15748  126  |    15601  154   |    0.94
    15625  127  |    15601  154   |    0.15
    15503  128  |    15601  154   |    0.63
    15625  127  |    15501  155   |    0.79
    15503  128  |    15501  155   |    0.01
    15384  129  |    15501  155   |    0.76
    15503  128  |    15403  156   |    0.65
    15384  129  |    15403  156   |    0.12
    15267  130  |    15403  156   |    0.89
    15384  129  |    15305  157   |    0.52
    15267  130  |    15305  157   |    0.25
    15267  130  |    15209  158   |    0.38
    15151  131  |    15209  158   |    0.38
    15151  131  |    15114  159   |    0.25
    15037  132  |    15114  159   |    0.51
    15151  131  |    15020  160   |    0.87
    15037  132  |    15020  160   |    0.11
    14925  133  |    15020  160   |    0.64
    15037  132  |    14927  161   |    0.74
    14925  133  |    14927  161   |    0.02
    14814  134  |    14927  161   |    0.76
    14925  133  |    14836  162   |    0.60
    14814  134  |    14836  162   |    0.14
    14705  135  |    14836  162   |    0.89
    14814  134  |    14745  163   |    0.47
    14705  135  |    14745  163   |    0.27
    14705  135  |    14656  164   |    0.34
    14598  136  |    14656  164   |    0.40
    14705  135  |    14567  165   |    0.95
    14598  136  |    14567  165   |    0.21
    14492  137  |    14567  165   |    0.52
    14598  136  |    14480  166   |    0.81
    14492  137  |    14480  166   |    0.08
    14388  138  |    14480  166   |    0.64
    14492  137  |    14394  167   |    0.68
    14388  138  |    14394  167   |    0.04
    14285  139  |    14394  167   |    0.76
    14388  138  |    14309  168   |    0.55
    14285  139  |    14309  168   |    0.17
    14184  140  |    14309  168   |    0.88
    14285  139  |    14225  169   |    0.43
    14184  140  |    14225  169   |    0.29
    14084  141  |    14225  169   |    1.00
    14184  140  |    14141  170   |    0.30
    14084  141  |    14141  170   |    0.41
    14184  140  |    14059  171   |    0.89
    14084  141  |    14059  171   |    0.18
    13986  142  |    14059  171   |    0.53
    14084  141  |    13978  172   |    0.76
    13986  142  |    13978  172   |    0.05
    13888  143  |    13978  172   |    0.65
    13986  142  |    13898  173   |    0.63
    13888  143  |    13898  173   |    0.07
    13793  144  |    13898  173   |    0.76
    13888  143  |    13818  174   |    0.51
    13793  144  |    13818  174   |    0.19
    13698  145  |    13818  174   |    0.88
    13793  144  |    13740  175   |    0.38
    13698  145  |    13740  175   |    0.30
    13605  146  |    13740  175   |    0.99
    13793  144  |    13662  176   |    0.96
    13698  145  |    13662  176   |    0.26
    13605  146  |    13662  176   |    0.42
    13698  145  |    13585  177   |    0.83
    13605  146  |    13585  177   |    0.14
    13513  147  |    13585  177   |    0.54
    13605  146  |    13509  178   |    0.71
    13513  147  |    13509  178   |    0.03
    13422  148  |    13509  178   |    0.65
    13513  147  |    13434  179   |    0.59
    13422  148  |    13434  179   |    0.09
    13333  149  |    13434  179   |    0.76
    13422  148  |    13360  180   |    0.47
    13333  149  |    13360  180   |    0.21
    13245  150  |    13360  180   |    0.87
    13333  149  |    13287  181   |    0.35
    13245  150  |    13287  181   |    0.32
    13157  151  |    13287  181   |    0.98
    13333  149  |    13214  182   |    0.90
    13245  150  |    13214  182   |    0.23
    13157  151  |    13214  182   |    0.43
    13245  150  |    13142  183   |    0.78
    13157  151  |    13142  183   |    0.11
    13071  152  |    13142  183   |    0.54
    13157  151  |    13071  184   |    0.66
    13071  152  |    13071  184   |    0.00
    12987  153  |    13071  184   |    0.65
    13071  152  |    13001  185   |    0.54
    12987  153  |    13001  185   |    0.11
    12903  154  |    13001  185   |    0.76
    12987  153  |    12931  186   |    0.43
    12903  154  |    12931  186   |    0.22
    12820  155  |    12931  186   |    0.87
    12987  153  |    12863  187   |    0.96
    12903  154  |    12863  187   |    0.31
    12820  155  |    12863  187   |    0.33
    12738  156  |    12863  187   |    0.98
    12903  154  |    12795  188   |    0.84
    12820  155  |    12795  188   |    0.20
    12738  156  |    12795  188   |    0.44
    12820  155  |    12727  189   |    0.73
    12738  156  |    12727  189   |    0.09
    12658  157  |    12727  189   |    0.55
    12738  156  |    12661  190   |    0.61
    12658  157  |    12661  190   |    0.02
    12578  158  |    12661  190   |    0.66
    12658  157  |    12595  191   |    0.50
    12578  158  |    12595  191   |    0.13
    12500  159  |    12595  191   |    0.76
    12578  158  |    12529  192   |    0.39
    12500  159  |    12529  192   |    0.24
    12422  160  |    12529  192   |    0.87
    12578  158  |    12465  193   |    0.91
    12500  159  |    12465  193   |    0.28
    12422  160  |    12465  193   |    0.35
    12345  161  |    12465  193   |    0.97
    12500  159  |    12401  194   |    0.79
    12422  160  |    12401  194   |    0.17
    12345  161  |    12401  194   |    0.45
    12422  160  |    12338  195   |    0.68
    12345  161  |    12338  195   |    0.06
    12269  162  |    12338  195   |    0.56
    12345  161  |    12275  196   |    0.57
    12269  162  |    12275  196   |    0.05
    12195  163  |    12275  196   |    0.66
    12269  162  |    12213  197   |    0.46
    12195  163  |    12213  197   |    0.15
    12121  164  |    12213  197   |    0.76
    12269  162  |    12152  198   |    0.97
    12195  163  |    12152  198   |    0.35
    12121  164  |    12152  198   |    0.26
    12048  165  |    12152  198   |    0.86
    12195  163  |    12091  199   |    0.86
    12121  164  |    12091  199   |    0.25
    12048  165  |    12091  199   |    0.36
    11976  166  |    12091  199   |    0.96
    12121  164  |    12031  200   |    0.75
    12048  165  |    12031  200   |    0.14
    11976  166  |    12031  200   |    0.46
    12048  165  |    11971  201   |    0.64
    11976  166  |    11971  201   |    0.04
    11904  167  |    11971  201   |    0.56
    11976  166  |    11912  202   |    0.53
    11904  167  |    11912  202   |    0.07
    11834  168  |    11912  202   |    0.66
    11904  167  |    11854  203   |    0.43
    11834  168  |    11854  203   |    0.17
    11764  169  |    11854  203   |    0.76
    11904  167  |    11796  204   |    0.92
    11834  168  |    11796  204   |    0.32
    11764  169  |    11796  204   |    0.27
    11695  170  |    11796  204   |    0.86
    11834  168  |    11739  205   |    0.81
    11764  169  |    11739  205   |    0.22
    11695  170  |    11739  205   |    0.37
    11627  171  |    11739  205   |    0.96
    11764  169  |    11682  206   |    0.70
    11695  170  |    11682  206   |    0.11
    11627  171  |    11682  206   |    0.47
    11695  170  |    11626  207   |    0.60
    11627  171  |    11626  207   |    0.01
    11560  172  |    11626  207   |    0.57
    11627  171  |    11570  208   |    0.49
    11560  172  |    11570  208   |    0.09
    11494  173  |    11570  208   |    0.67
    11627  171  |    11515  209   |    0.98
    11560  172  |    11515  209   |    0.39
    11494  173  |    11515  209   |    0.19
    11428  174  |    11515  209   |    0.76
    11560  172  |    11461  210   |    0.87
    11494  173  |    11461  210   |    0.29
    11428  174  |    11461  210   |    0.28
    11363  175  |    11461  210   |    0.86
    11494  173  |    11406  211   |    0.77
    11428  174  |    11406  211   |    0.19
    11363  175  |    11406  211   |    0.38
    11299  176  |    11406  211   |    0.95
    11428  174  |    11353  212   |    0.66
    11363  175  |    11353  212   |    0.09
    11299  176  |    11353  212   |    0.48
    11363  175  |    11300  213   |    0.56
    11299  176  |    11300  213   |    0.01
    11235  177  |    11300  213   |    0.57
    11299  176  |    11247  214   |    0.46
    11235  177  |    11247  214   |    0.11
    11173  178  |    11247  214   |    0.67
    11299  176  |    11195  215   |    0.93
    11235  177  |    11195  215   |    0.36
    11173  178  |    11195  215   |    0.20
    11111  179  |    11195  215   |    0.76
    11235  177  |    11144  216   |    0.82
    11173  178  |    11144  216   |    0.26
    11111  179  |    11144  216   |    0.30
    11049  180  |    11144  216   |    0.85
    11173  178  |    11093  217   |    0.72
    11111  179  |    11093  217   |    0.16
    11049  180  |    11093  217   |    0.39
    10989  181  |    11093  217   |    0.95
    11111  179  |    11042  218   |    0.62
    11049  180  |    11042  218   |    0.07
    10989  181  |    11042  218   |    0.49
    11049  180  |    10992  219   |    0.52
    10989  181  |    10992  219   |    0.03
    10928  182  |    10992  219   |    0.58
    11049  180  |    10942  220   |    0.98
    10989  181  |    10942  220   |    0.43
    10928  182  |    10942  220   |    0.12
    10869  183  |    10942  220   |    0.67
    10989  181  |    10893  221   |    0.88
    10928  182  |    10893  221   |    0.33
    10869  183  |    10893  221   |    0.22
    10810  184  |    10893  221   |    0.76
    10928  182  |    10844  222   |    0.78
    10869  183  |    10844  222   |    0.23
    10810  184  |    10844  222   |    0.31
    10752  185  |    10844  222   |    0.85
    10869  183  |    10795  223   |    0.68
    10810  184  |    10795  223   |    0.14
    10752  185  |    10795  223   |    0.40
    10695  186  |    10795  223   |    0.94
    10810  184  |    10747  224   |    0.59
    10752  185  |    10747  224   |    0.04
    10695  186  |    10747  224   |    0.49
    10752  185  |    10700  225   |    0.49
    10695  186  |    10700  225   |    0.05
    10638  187  |    10700  225   |    0.58
    10752  185  |    10653  226   |    0.93
    10695  186  |    10653  226   |    0.39
    10638  187  |    10653  226   |    0.14
    10582  188  |    10653  226   |    0.67
    10695  186  |    10606  227   |    0.84
    10638  187  |    10606  227   |    0.30
    10582  188  |    10606  227   |    0.23
    10526  189  |    10606  227   |    0.76
    10638  187  |    10560  228   |    0.74
    10582  188  |    10560  228   |    0.21
    10526  189  |    10560  228   |    0.32
    10471  190  |    10560  228   |    0.85
    10582  188  |    10514  229   |    0.64
    10526  189  |    10514  229   |    0.11
    10471  190  |    10514  229   |    0.41
    10416  191  |    10514  229   |    0.94
    10526  189  |    10468  230   |    0.55
    10471  190  |    10468  230   |    0.02
    10416  191  |    10468  230   |    0.50
    10526  189  |    10423  231   |    0.99
    10471  190  |    10423  231   |    0.46
    10416  191  |    10423  231   |    0.07
    10362  192  |    10423  231   |    0.59
    10471  190  |    10378  232   |    0.89
    10416  191  |    10378  232   |    0.36
    10362  192  |    10378  232   |    0.16
    10309  193  |    10378  232   |    0.68
    10416  191  |    10334  233   |    0.79
    10362  192  |    10334  233   |    0.27
    10309  193  |    10334  233   |    0.24
    10256  194  |    10334  233   |    0.76
    10362  192  |    10290  234   |    0.70
    10309  193  |    10290  234   |    0.18
    10256  194  |    10290  234   |    0.33
    10204  195  |    10290  234   |    0.85
    10309  193  |    10246  235   |    0.61
    10256  194  |    10246  235   |    0.09
    10204  195  |    10246  235   |    0.42
    10152  196  |    10246  235   |    0.93
    10256  194  |    10203  236   |    0.52
    10204  195  |    10203  236   |    0.00
    10152  196  |    10203  236   |    0.51
    10256  194  |    10160  237   |    0.94
    10204  195  |    10160  237   |    0.43
    10152  196  |    10160  237   |    0.08
    10101  197  |    10160  237   |    0.59
    10204  195  |    10118  238   |    0.85
    10152  196  |    10118  238   |    0.34
    10101  197  |    10118  238   |    0.17
    10050  198  |    10118  238   |    0.68
    10152  196  |    10076  239   |    0.76
    10101  197  |    10076  239   |    0.25
    10050  198  |    10076  239   |    0.26
    10000  199  |    10076  239   |    0.76
    10101  197  |    10034  240   |    0.66
    10050  198  |    10034  240   |    0.16
    10000  199  |    10034  240   |    0.34
     9950  200  |    10034  240   |    0.85
    10050  198  |     9992  241   |    0.57
    10000  199  |     9992  241   |    0.07
     9950  200  |     9992  241   |    0.43
     9900  201  |     9992  241   |    0.93
    10050  198  |     9951  242   |    0.99
    10000  199  |     9951  242   |    0.48
     9950  200  |     9951  242   |    0.02
     9900  201  |     9951  242   |    0.51
    10000  199  |     9910  243   |    0.90
     9950  200  |     9910  243   |    0.40
     9900  201  |     9910  243   |    0.10
     9852  202  |     9910  243   |    0.60
     9950  200  |     9870  244   |    0.81
     9900  201  |     9870  244   |    0.31
     9852  202  |     9870  244   |    0.19
     9803  203  |     9870  244   |    0.68
     9900  201  |     9830  245   |    0.72
     9852  202  |     9830  245   |    0.22
     9803  203  |     9830  245   |    0.27
     9756  204  |     9830  245   |    0.76
     9852  202  |     9790  246   |    0.63
     9803  203  |     9790  246   |    0.14
     9756  204  |     9790  246   |    0.35
     9708  205  |     9790  246   |    0.84
     9803  203  |     9751  247   |    0.54
     9756  204  |     9751  247   |    0.05
     9708  205  |     9751  247   |    0.44
     9661  206  |     9751  247   |    0.92
     9803  203  |     9711  248   |    0.95
     9756  204  |     9711  248   |    0.45
     9708  205  |     9711  248   |    0.03
     9661  206  |     9711  248   |    0.52
     9756  204  |     9673  249   |    0.86
     9708  205  |     9673  249   |    0.37
     9661  206  |     9673  249   |    0.12
     9615  207  |     9673  249   |    0.60
     9708  205  |     9634  250   |    0.77
     9661  206  |     9634  250   |    0.28
     9615  207  |     9634  250   |    0.20
     9569  208  |     9634  250   |    0.68
     9661  206  |     9596  251   |    0.68
     9615  207  |     9596  251   |    0.20
     9569  208  |     9596  251   |    0.28
     9523  209  |     9596  251   |    0.76
     9615  207  |     9558  252   |    0.60
     9569  208  |     9558  252   |    0.11
     9523  209  |     9558  252   |    0.36
     9478  210  |     9558  252   |    0.84
     9615  207  |     9520  253   |    0.99
     9569  208  |     9520  253   |    0.51
     9523  209  |     9520  253   |    0.03
     9478  210  |     9520  253   |    0.44
     9433  211  |     9520  253   |    0.92
     9569  208  |     9483  254   |    0.91
     9523  209  |     9483  254   |    0.43
     9478  210  |     9483  254   |    0.05
     9433  211  |     9483  254   |    0.52
     9389  212  |     9483  254   |    1.00
     9523  209  |     9446  255   |    0.82
     9478  210  |     9446  255   |    0.34
     9433  211  |     9446  255   |    0.13
     9389  212  |     9446  255   |    0.60
